16 0.0734375 0.33828125 0.078125 0.19375
5 0.1421875 0.32109375 0.0546875 0.0484375
10 0.12734375 0.48203125 0.04375 0.08125
10 0.17578125 0.38359375 0.046875 0.0734375
13 0.203125 0.4703125 0.059375 0.06875
3 0.25390625 0.48515625 0.046875 0.059375
6 0.35 0.38203125 0.19375 0.1546875
15 0.3515625 0.5125 0.140625 0.040625
9 0.4859375 0.496875 0.096875 0.096875
9 0.57265625 0.34921875 0.078125 0.103125
9 0.78828125 0.48515625 0.0640625 0.1203125
4 0.4953125 0.36328125 0.090625 0.1375
8 0.525 0.4375 0.0828125 0.0421875
3 0.59296875 0.43515625 0.025 0.04375
13 0.57578125 0.503125 0.071875 0.0859375
13 0.66796875 0.5234375 0.059375 0.05
14 0.86640625 0.50859375 0.078125 0.103125
2 0.865625 0.39453125 0.14375 0.165625
7 0.7015625 0.40625 0.19375 0.196875