16 0.06171875 0.37421875 0.0890625 0.2
5 0.12890625 0.353125 0.0515625 0.05
3 0.07109375 0.53671875 0.0234375 0.034375
10 0.128125 0.51328125 0.05 0.0828125
10 0.165625 0.41171875 0.046875 0.078125
3 0.21484375 0.3453125 0.0453125 0.0734375
8 0.2140625 0.43203125 0.034375 0.09375
13 0.19921875 0.4953125 0.065625 0.0703125
3 0.26640625 0.32734375 0.04375 0.0546875
8 0.2765625 0.3703125 0.078125 0.0578125
4 0.25078125 0.50859375 0.05 0.0640625
14 0.278125 0.42890625 0.090625 0.1046875
9 0.3390625 0.4796875 0.10625 0.084375
15 0.35390625 0.52109375 0.125 0.078125
7 0.3953125 0.38203125 0.203125 0.2046875
9 0.4578125 0.50859375 0.08125 0.121875
13 0.565625 0.49765625 0.075 0.0859375
13 0.6546875 0.50859375 0.0609375 0.0484375
6 0.5828125 0.371875 0.2109375 0.153125
3 0.71796875 0.50390625 0.0203125 0.0296875
9 0.7703125 0.4609375 0.071875 0.121875
4 0.7140625 0.32265625 0.0875 0.109375
2 0.83984375 0.35546875 0.159375 0.1953125