6 0.8671875 0.2828125 0.2484375 0.4
2 0.7453125 0.41171875 0.1171875 0.2109375
5 0.66875 0.3453125 0.0609375 0.065625
8 0.6625 0.41171875 0.0640625 0.0875
3 0.67734375 0.484375 0.059375 0.0765625
10 0.61640625 0.475 0.0546875 0.0875
6 0.5390625 0.35 0.19375 0.15
13 0.48671875 0.515625 0.0796875 0.09375
16 0.31953125 0.3015625 0.059375 0.16875
16 0.13671875 0.35 0.096875 0.23125
7 0.34765625 0.49375 0.1609375 0.2125
14 0.2546875 0.36015625 0.0796875 0.1203125
8 0.2421875 0.44140625 0.028125 0.0890625
10 0.22421875 0.52421875 0.059375 0.08125
3 0.17109375 0.509375 0.0453125 0.053125
9 0.553125 0.4765625 0.078125 0.11875
11 0.43203125 0.2984375 0.05 0.025