6 0.11328125 0.3375 0.2265625 0.4125
9 0.2296875 0.459375 0.084375 0.11875
8 0.2671875 0.4140625 0.040625 0.1046875
10 0.31953125 0.41875 0.0625 0.0859375
14 0.365625 0.48515625 0.1140625 0.1359375
6 0.43515625 0.3515625 0.2046875 0.159375
3 0.53046875 0.47734375 0.04375 0.05625
3 0.75078125 0.30390625 0.0578125 0.096875
16 0.64375 0.2671875 0.0578125 0.1734375
7 0.65078125 0.4421875 0.1984375 0.215625
8 0.609375 0.3671875 0.04375 0.0859375
5 0.6171875 0.45 0.0578125 0.0703125
13 0.68984375 0.41171875 0.0625 0.0890625
10 0.75546875 0.47578125 0.04375 0.084375
16 0.803125 0.34375 0.1 0.2359375
2 0.86484375 0.4171875 0.1265625 0.2734375