3 0.07421875 0.54921875 0.0328125 0.0453125
16 0.0625 0.3859375 0.090625 0.20625
5 0.128125 0.359375 0.0578125 0.0578125
10 0.1703125 0.42265625 0.0546875 0.08125
10 0.1328125 0.5265625 0.0546875 0.084375
13 0.203125 0.50703125 0.0703125 0.0734375
3 0.25390625 0.51484375 0.0578125 0.0671875
6 0.33828125 0.40390625 0.20625 0.1796875
15 0.3546875 0.5328125 0.1453125 0.0625
9 0.48671875 0.50625 0.10625 0.103125
8 0.51953125 0.43828125 0.0796875 0.0546875
4 0.47890625 0.3703125 0.1125 0.15
13 0.5734375 0.50078125 0.078125 0.1015625
13 0.665625 0.51171875 0.0671875 0.059375
9 0.5546875 0.34453125 0.0859375 0.1125
7 0.68671875 0.38828125 0.2109375 0.225
3 0.728125 0.50859375 0.025 0.034375
9 0.78125 0.459375 0.0796875 0.134375
14 0.8609375 0.478125 0.0828125 0.1125
2 0.8484375 0.35390625 0.165625 0.20625