6 0.88828125 0.3703125 0.2234375 0.434375
9 0.778125 0.48359375 0.09375 0.121875
8 0.74453125 0.43125 0.05 0.10625
10 0.6921875 0.434375 0.071875 0.084375
14 0.64375 0.49453125 0.1140625 0.1484375
6 0.58125 0.35390625 0.209375 0.1765625
5 0.56171875 0.5015625 0.0625 0.0796875
13 0.5125 0.49765625 0.065625 0.0875
3 0.46875 0.48125 0.046875 0.0609375
7 0.36953125 0.4328125 0.253125 0.271875
16 0.37734375 0.24609375 0.075 0.1828125
3 0.26484375 0.2765625 0.059375 0.1
8 0.26328125 0.37109375 0.0375 0.0984375
10 0.2265625 0.44375 0.06875 0.0890625
16 0.209375 0.31484375 0.125 0.25
2 0.13828125 0.38046875 0.1421875 0.28125