16 0.10546875 0.309375 0.0890625 0.2453125
4 0.1359375 0.4875 0.06875 0.10625
10 0.1875 0.340625 0.04375 0.0796875
3 0.26171875 0.484375 0.046875 0.0734375
6 0.30078125 0.359375 0.2484375 0.2375
8 0.415625 0.40703125 0.0671875 0.075
5 0.4453125 0.3578125 0.0390625 0.0625
16 0.49375 0.28828125 0.040625 0.178125
7 0.48046875 0.50390625 0.2015625 0.2515625
13 0.38828125 0.51953125 0.0734375 0.0828125
13 0.5546875 0.3421875 0.05 0.0390625
10 0.55625 0.39296875 0.0609375 0.0609375
3 0.61328125 0.38203125 0.0484375 0.075
3 0.60859375 0.51328125 0.05625 0.0859375
14 0.79375 0.36640625 0.0765625 0.0859375
16 0.71953125 0.29765625 0.0609375 0.190625
2 0.73828125 0.48671875 0.2125 0.215625
9 0.8875 0.4609375 0.0859375 0.1109375