6 0.109375 0.3 0.2171875 0.403125
9 0.22890625 0.43515625 0.075 0.11015625
8 0.27109375 0.38984375 0.03359375 0.1015625
10 0.321875 0.40234375 0.059375 0.075
14 0.359375 0.46953125 0.09140625 0.134375
6 0.4453125 0.3421875 0.1875 0.14609375
5 0.4390625 0.490625 0.05 0.07265625
13 0.48828125 0.4953125 0.053125 0.0796875
3 0.534375 0.48671875 0.03828125 0.0546875
7 0.63984375 0.45625 0.21484375 0.2375
16 0.66484375 0.27109375 0.04453125 0.17734375
3 0.7703125 0.32109375 0.04453125 0.09296875
8 0.75546875 0.4140625 0.021875 0.0953125
10 0.77890625 0.4921875 0.05625 0.08125
16 0.81875 0.36796875 0.084375 0.2390625
2 0.8765625 0.4453125 0.096875 0.26875