16 0.07421875 0.33671875 0.071875 0.19375
5 0.14296875 0.32109375 0.0484375 0.04609375
3 0.06953125 0.49921875 0.02109375 0.0328125
10 0.128125 0.48046875 0.04375 0.0796875
10 0.17421875 0.3828125 0.040625 0.07421875
3 0.2296875 0.32109375 0.03984375 0.06953125
8 0.22109375 0.40703125 0.0265625 0.0921875
13 0.20078125 0.46875 0.0609375 0.06484375
3 0.28203125 0.3078125 0.0390625 0.0515625
8 0.2890625 0.3515625 0.07421875 0.05078125
4 0.25078125 0.48671875 0.04453125 0.0609375
14 0.28515625 0.41015625 0.08203125 0.09765625
9 0.34140625 0.465625 0.1 0.07578125
15 0.35234375 0.50859375 0.11875 0.06875
7 0.40625 0.3734375 0.18671875 0.18984375
9 0.45703125 0.5046875 0.07109375 0.11640625
13 0.565625 0.503125 0.06875 0.08046875
13 0.653125 0.521875 0.05703125 0.04375
6 0.59375 0.3796875 0.19921875 0.13671875
3 0.7171875 0.52265625 0.01796875 0.02890625
9 0.77265625 0.484375 0.06171875 0.1171875
4 0.72890625 0.3421875 0.07890625 0.103125
2 0.85078125 0.3859375 0.14375 0.18359375