14 0.10546875 0.49140625 0.103125 0.140625
3 0.2046875 0.50859375 0.0671875 0.0890625
16 0.08203125 0.3515625 0.0828125 0.1765625
10 0.15625 0.38046875 0.046875 0.071875
6 0.25859375 0.390625 0.2328125 0.1625
10 0.396875 0.35703125 0.046875 0.075
13 0.34921875 0.52890625 0.0875 0.0953125
3 0.38828125 0.503125 0.0515625 0.0640625
8 0.39140625 0.446875 0.075 0.08125
2 0.50078125 0.49765625 0.2046875 0.3734375
16 0.453125 0.246875 0.0765625 0.234375
13 0.521875 0.33203125 0.0515625 0.040625
16 0.5828125 0.36328125 0.0765625 0.19375
7 0.734375 0.496875 0.2125 0.1859375
6 0.73046875 0.33125 0.2734375 0.228125
9 0.89296875 0.48359375 0.1140625 0.1140625
5 0.86484375 0.390625 0.0734375 0.0796875