6 0.11875 0.30625 0.2140625 0.38984375
2 0.27265625 0.43515625 0.16875 0.24765625
5 0.16875 0.53125 0.078125 0.0546875
8 0.359375 0.4 0.01328125 0.09296875
3 0.3359375 0.4890625 0.04921875 0.09453125
10 0.3765625 0.47890625 0.034375 0.0875
11 0.42421875 0.47421875 0.05546875 0.11328125
13 0.48515625 0.496875 0.06953125 0.084375
6 0.4515625 0.34765625 0.18984375 0.13984375
14 0.5484375 0.4578125 0.07109375 0.1421875
8 0.55546875 0.37578125 0.0234375 0.04296875
7 0.6640625 0.478125 0.15078125 0.203125
13 0.6109375 0.34921875 0.04296875 0.059375
10 0.75078125 0.5078125 0.0515625 0.08828125
16 0.6640625 0.28046875 0.046875 0.1703125
3 0.72734375 0.3453125 0.0421875 0.06875
2 0.80625 0.45078125 0.103125 0.2453125
3 0.85625 0.475 0.0375 0.05703125
16 0.8515625 0.30703125 0.08203125 0.23203125
16 0.90625 0.3828125 0.078125 0.19609375