6 0.12578125 0.37734375 0.1984375 0.25
9 0.23515625 0.43515625 0.07734375 0.11171875
8 0.278125 0.3890625 0.0328125 0.09765625
14 0.3375 0.3125 0.07578125 0.0984375
10 0.33046875 0.40234375 0.05625 0.06953125
6 0.453125 0.346875 0.19765625 0.134375
10 0.465625 0.48359375 0.06484375 0.06796875
3 0.540625 0.4765625 0.04140625 0.05859375
9 0.54296875 0.2828125 0.0625 0.01953125
8 0.671875 0.4890625 0.08125 0.06796875
16 0.67421875 0.26953125 0.04921875 0.17421875
7 0.72109375 0.45703125 0.1453125 0.1984375
13 0.6984375 0.39765625 0.0609375 0.06015625
5 0.75 0.47890625 0.0515625 0.07265625
3 0.78046875 0.32109375 0.05234375 0.09453125
16 0.82890625 0.36640625 0.08125 0.24375
2 0.88515625 0.44296875 0.1015625 0.27734375