3 0.07109375 0.496875 0.0296875 0.04375
16 0.0796875 0.33359375 0.0734375 0.2015625
5 0.14765625 0.31484375 0.0546875 0.053125
10 0.1828125 0.3828125 0.0484375 0.078125
10 0.13203125 0.48203125 0.0484375 0.08125
13 0.2046875 0.4703125 0.065625 0.0671875
3 0.25390625 0.48515625 0.053125 0.0640625
6 0.3515625 0.38515625 0.1921875 0.1640625
15 0.35234375 0.51484375 0.1421875 0.0515625
9 0.4859375 0.5046875 0.0984375 0.0953125
8 0.5265625 0.44140625 0.0765625 0.0484375
4 0.4953125 0.36875 0.1015625 0.1421875
13 0.57265625 0.51015625 0.0703125 0.096875
13 0.6625 0.53203125 0.0640625 0.0546875
9 0.57265625 0.35234375 0.0765625 0.10625
7 0.69921875 0.41171875 0.19375 0.209375
3 0.725 0.5359375 0.021875 0.0328125
9 0.78359375 0.49375 0.06875 0.1296875
14 0.8609375 0.521875 0.0734375 0.10625
2 0.86328125 0.39765625 0.15 0.19375