10 0.20703125 0.2984375 0.0453125 0.08125
2 0.13671875 0.43828125 0.215625 0.215625
7 0.28203125 0.36171875 0.1734375 0.2078125
3 0.25859375 0.471875 0.05 0.059375
10 0.359375 0.3609375 0.0609375 0.075
8 0.3609375 0.4125 0.053125 0.096875
13 0.3578125 0.4984375 0.078125 0.084375
5 0.42109375 0.36171875 0.0484375 0.0671875
3 0.42109375 0.44765625 0.053125 0.0578125
3 0.446875 0.5015625 0.08125 0.059375
8 0.446875 0.4375 0.071875 0.084375
16 0.4625 0.35078125 0.0625 0.159375
13 0.5421875 0.38125 0.053125 0.0421875
3 0.528125 0.4796875 0.05 0.0859375
4 0.73203125 0.55390625 0.0890625 0.0578125
6 0.70703125 0.40625 0.2234375 0.159375
14 0.8171875 0.396875 0.0703125 0.115625
16 0.890625 0.3640625 0.078125 0.175
9 0.8875 0.56796875 0.1046875 0.103125