18 0.11171875 0.30390625 0.06484375 0.1671875
10 0.1765625 0.3421875 0.02734375 0.0671875
6 0.278125 0.3640625 0.21484375 0.140625
3 0.2109375 0.47578125 0.05625 0.078125
5 0.30390625 0.4734375 0.04921875 0.06875
4 0.421875 0.35390625 0.08828125 0.10546875
16 0.4890625 0.246875 0.046875 0.22421875
8 0.40859375 0.44765625 0.05 0.0828125
2 0.5046875 0.5 0.15390625 0.33828125
13 0.54140625 0.3375 0.04765625 0.040625
10 0.54765625 0.38359375 0.06171875 0.05625
16 0.60234375 0.37578125 0.04921875 0.1890625
7 0.7359375 0.52890625 0.19453125 0.15625
13 0.70078125 0.52109375 0.07265625 0.08671875
3 0.7671875 0.51796875 0.04609375 0.06796875
6 0.7484375 0.3625 0.24921875 0.19765625
9 0.8890625 0.53125 0.1 0.10234375