6 0.115625 0.315625 0.215625 0.3828125
2 0.24765625 0.43359375 0.09921875 0.203125
5 0.31875 0.3609375 0.05546875 0.06171875
8 0.33046875 0.4265625 0.05703125 0.08359375
3 0.321875 0.5 0.053125 0.071875
10 0.38203125 0.48515625 0.046875 0.084375
6 0.44765625 0.35390625 0.18203125 0.134375
13 0.51484375 0.5140625 0.071875 0.0875
16 0.6625 0.28671875 0.0453125 0.165625
16 0.8484375 0.31875 0.07734375 0.225
7 0.6515625 0.48046875 0.14375 0.20078125
14 0.73203125 0.3390625 0.06953125 0.11484375
8 0.7515625 0.41953125 0.0203125 0.0875
10 0.7765625 0.5 0.05234375 0.0765625
3 0.828125 0.48046875 0.04140625 0.04921875
9 0.4453125 0.48125 0.06875 0.11328125
11 0.55 0.29296875 0.0484375 0.02109375