6 0.8859375 0.44296875 0.228125 0.2734375
9 0.77421875 0.484375 0.0921875 0.1234375
16 0.7375 0.41484375 0.090625 0.2046875
14 0.68125 0.34296875 0.0734375 0.1
13 0.66171875 0.51796875 0.084375 0.0828125
10 0.53515625 0.49609375 0.071875 0.075
6 0.5671875 0.36015625 0.2109375 0.159375
9 0.48828125 0.29140625 0.0734375 0.0375
16 0.43515625 0.4140625 0.075 0.1875
10 0.40390625 0.36640625 0.04375 0.0796875
3 0.36875 0.4265625 0.0734375 0.096875
7 0.28046875 0.403125 0.2171875 0.2375
8 0.2640625 0.43125 0.0890625 0.0546875
3 0.23203125 0.303125 0.0375 0.05625
5 0.15625 0.384375 0.08125 0.0640625
2 0.1265625 0.384375 0.178125 0.23125