7 0.88984375 0.4140625 0.2015625 0.3109375
6 0.715625 0.3484375 0.2234375 0.1625
3 0.7890625 0.46015625 0.0578125 0.0828125
13 0.65 0.5 0.0765625 0.0890625
2 0.55 0.38203125 0.1640625 0.2046875
3 0.56484375 0.5015625 0.05 0.065625
8 0.51015625 0.4921875 0.034375 0.109375
13 0.45 0.33359375 0.053125 0.0421875
14 0.45625 0.4640625 0.065625 0.159375
16 0.409375 0.45625 0.05 0.1796875
16 0.39375 0.3734375 0.059375 0.1875
10 0.3484375 0.52265625 0.0578125 0.08125
6 0.2453125 0.37109375 0.26875 0.2203125
5 0.1078125 0.44296875 0.05625 0.08125
9 0.1890625 0.52109375 0.071875 0.1171875
10 0.1359375 0.54140625 0.0453125 0.0921875
16 0.05546875 0.45546875 0.10625 0.253125