3 0.1265625 0.3453125 0.0609375 0.07109375
13 0.07421875 0.484375 0.04375 0.065625
5 0.128125 0.40859375 0.06328125 0.06640625
9 0.1625 0.48046875 0.0984375 0.12890625
3 0.25390625 0.4828125 0.04609375 0.059375
7 0.25234375 0.36328125 0.09921875 0.15859375
10 0.275 0.3890625 0.046875 0.0734375
13 0.35 0.32890625 0.03359375 0.05
8 0.315625 0.41015625 0.05859375 0.08125
10 0.46328125 0.34765625 0.04609375 0.07421875
2 0.3640625 0.43984375 0.209375 0.27734375
13 0.4828125 0.51328125 0.06171875 0.0640625
8 0.521875 0.453125 0.08359375 0.02734375
14 0.57265625 0.50546875 0.0765625 0.09140625
4 0.51640625 0.34921875 0.04453125 0.175
16 0.578125 0.3625 0.04296875 0.14453125
3 0.67578125 0.5328125 0.04765625 0.084375
6 0.71875 0.3484375 0.2265625 0.36484375
16 0.865625 0.3609375 0.071875 0.190625