10 0.11953125 0.37421875 0.0546875 0.0765625
2 0.13046875 0.5125 0.2234375 0.2265625
7 0.246875 0.4109375 0.1890625 0.225
16 0.190625 0.3828125 0.0859375 0.1984375
3 0.2578125 0.515625 0.053125 0.0640625
13 0.3375 0.496875 0.0828125 0.090625
10 0.38203125 0.3484375 0.0421875 0.0765625
5 0.41875 0.36171875 0.0421875 0.0671875
8 0.39921875 0.415625 0.075 0.0734375
13 0.4703125 0.35625 0.0578125 0.059375
3 0.41875 0.4578125 0.0546875 0.084375
8 0.46484375 0.44140625 0.0484375 0.1015625
3 0.51328125 0.45546875 0.0765625 0.0859375
3 0.678125 0.35625 0.2265625 0.159375
14 0.76640625 0.32109375 0.0796875 0.090625
4 0.7359375 0.5 0.0984375 0.0625
16 0.8375 0.39765625 0.0921875 0.184375
9 0.8890625 0.38984375 0.071875 0.1171875