6 0.125 0.290625 0.2296875 0.39375
5 0.1625 0.51953125 0.0875 0.0625
2 0.26875 0.428125 0.1875 0.2609375
8 0.3578125 0.396875 0.01875 0.0953125
3 0.33515625 0.48125 0.05 0.0890625
10 0.3765625 0.475 0.0359375 0.0828125
9 0.42421875 0.47109375 0.0578125 0.1125
13 0.484375 0.49296875 0.0703125 0.0890625
6 0.4578125 0.34921875 0.190625 0.140625
14 0.55 0.459375 0.078125 0.1390625
8 0.559375 0.37734375 0.021875 0.0421875
13 0.615625 0.3421875 0.0453125 0.05625
16 0.6734375 0.284375 0.053125 0.16875
3 0.73359375 0.3546875 0.0453125 0.0640625
7 0.6609375 0.47890625 0.15625 0.2078125
10 0.75 0.51484375 0.0546875 0.0859375
2 0.80859375 0.46171875 0.1109375 0.2390625
3 0.8578125 0.4859375 0.0359375 0.059375
16 0.859375 0.32265625 0.0890625 0.228125
16 0.91171875 0.396875 0.0828125 0.19375