6 0.13671875 0.25390625 0.2640625 0.4265625
9 0.2390625 0.40234375 0.0875 0.11875
8 0.2859375 0.3625 0.0453125 0.1046875
10 0.33515625 0.38125 0.06875 0.08125
14 0.3640625 0.45234375 0.1078125 0.14375
6 0.46484375 0.33671875 0.2046875 0.1671875
5 0.440625 0.48359375 0.0578125 0.078125
13 0.4890625 0.49375 0.0625 0.0859375
3 0.5359375 0.490625 0.0453125 0.059375
7 0.64375 0.4734375 0.2421875 0.2625
16 0.69140625 0.29296875 0.065625 0.18125
3 0.78984375 0.35546875 0.05625 0.0984375
8 0.7640625 0.44609375 0.0328125 0.096875
10 0.778125 0.5265625 0.065625 0.0875
16 0.8328125 0.4078125 0.1125 0.246875
2 0.88046875 0.49140625 0.128125 0.278125