6 0.1171875 0.303125 0.21640625 0.39453125
9 0.234375 0.4359375 0.07421875 0.11328125
8 0.27578125 0.39375 0.03125 0.10234375
10 0.32734375 0.403125 0.05546875 0.08125
14 0.3671875 0.4734375 0.103125 0.12734375
6 0.4484375 0.346875 0.19296875 0.14375
3 0.53203125 0.4796875 0.0390625 0.053125
3 0.7671875 0.3265625 0.04921875 0.0921875
16 0.66328125 0.28046875 0.04375 0.1703125
7 0.65546875 0.45546875 0.18125 0.20078125
8 0.6203125 0.37734375 0.03671875 0.0828125
5 0.62109375 0.46015625 0.05234375 0.065625
13 0.696875 0.42890625 0.05546875 0.08515625
10 0.75625 0.4984375 0.03671875 0.08125
16 0.815625 0.37109375 0.08046875 0.2296875
2 0.8703125 0.44921875 0.103125 0.265625