10 0.190625 0.325 0.0390625 0.07890625
2 0.1328125 0.4703125 0.19921875 0.19921875
7 0.27109375 0.38125 0.15703125 0.1953125
3 0.25703125 0.49296875 0.04609375 0.05546875
10 0.34765625 0.3734375 0.05546875 0.07109375
8 0.35390625 0.425 0.0453125 0.09375
13 0.35859375 0.5109375 0.07109375 0.07890625
5 0.409375 0.36875 0.04296875 0.06328125
3 0.4171875 0.4546875 0.0484375 0.05390625
3 0.446875 0.50625 0.0765625 0.053125
8 0.44140625 0.4421875 0.065625 0.0796875
16 0.45 0.3546875 0.0484375 0.15625
13 0.53203125 0.378125 0.05 0.03828125
3 0.5265625 0.47734375 0.04296875 0.0828125
4 0.7359375 0.53359375 0.08515625 0.05
6 0.6984375 0.38828125 0.21171875 0.1421875
14 0.80703125 0.36953125 0.0609375 0.1109375
16 0.87734375 0.33046875 0.0640625 0.16953125
9 0.8921875 0.53359375 0.09609375 0.0953125