18 0.89140625 0.3109375 0.0671875 0.16875
10 0.82578125 0.34765625 0.028125 0.0671875
6 0.72421875 0.36796875 0.2171875 0.14375
3 0.7890625 0.48046875 0.0578125 0.0796875
5 0.696875 0.4765625 0.05 0.0703125
4 0.58046875 0.35546875 0.090625 0.10625
16 0.515625 0.246875 0.05 0.225
8 0.5921875 0.44921875 0.0515625 0.084375
2 0.4953125 0.5 0.159375 0.340625
13 0.46171875 0.33671875 0.0484375 0.0421875
10 0.4546875 0.3828125 0.0625 0.0578125
16 0.4 0.37421875 0.053125 0.190625
7 0.26328125 0.525 0.196875 0.159375
13 0.29921875 0.51796875 0.0734375 0.0875
3 0.2328125 0.51328125 0.046875 0.06875
6 0.25390625 0.3578125 0.253125 0.2015625
9 0.11015625 0.52421875 0.1015625 0.1046875