14 0.11015625 0.45625 0.08984375 0.09765625
16 0.109375 0.29921875 0.06328125 0.17578125
10 0.1703125 0.340625 0.03515625 0.07109375
6 0.2734375 0.36015625 0.2140625 0.14296875
3 0.20390625 0.47421875 0.06015625 0.08203125
5 0.29765625 0.471875 0.04453125 0.0671875
10 0.41328125 0.3453125 0.0390625 0.07265625
8 0.40859375 0.4484375 0.05625 0.08515625
2 0.5 0.4984375 0.15703125 0.359375
16 0.48046875 0.2390625 0.0484375 0.23359375
13 0.53984375 0.33671875 0.0484375 0.0375
16 0.59453125 0.3734375 0.05078125 0.1984375
6 0.74375 0.359375 0.25390625 0.20703125
7 0.728125 0.5265625 0.20390625 0.16796875
13 0.6953125 0.52109375 0.07421875 0.08671875
3 0.7609375 0.51875 0.04765625 0.078125
9 0.88515625 0.53046875 0.09921875 0.109375