2 0.8828125 0.453125 0.1921875 0.2734375
8 0.80546875 0.5359375 0.0875 0.084375
6 0.74453125 0.3859375 0.2296875 0.1703125
16 0.765625 0.43203125 0.1015625 0.2484375
10 0.69140625 0.51875 0.0484375 0.0875
3 0.6234375 0.5046875 0.071875 0.0875
7 0.56953125 0.3875 0.15625 0.2046875
13 0.49921875 0.5078125 0.0796875 0.0859375
14 0.4640625 0.46015625 0.0765625 0.1515625
16 0.4640625 0.30859375 0.06875 0.1796875
16 0.41796875 0.446875 0.0671875 0.18125
3 0.4015625 0.3640625 0.046875 0.0734375
10 0.346875 0.49609375 0.0609375 0.0828125
13 0.26171875 0.49296875 0.06875 0.0609375
9 0.1859375 0.475 0.08125 0.121875
6 0.26953125 0.33125 0.278125 0.23125
3 0.11796875 0.44296875 0.0515625 0.065625
5 0.12265625 0.375 0.065625 0.0890625