3 0.14140625 0.31328125 0.0671875 0.0765625
13 0.07734375 0.44765625 0.05 0.06875
5 0.1375 0.3765625 0.06875 0.071875
9 0.165625 0.45078125 0.109375 0.1375
3 0.25625 0.46171875 0.0515625 0.0625
7 0.26484375 0.3421875 0.1125 0.1671875
10 0.28515625 0.36953125 0.053125 0.0765625
13 0.365625 0.31640625 0.0375 0.053125
8 0.32421875 0.39453125 0.065625 0.0859375
10 0.4765625 0.3453125 0.053125 0.078125
2 0.36953125 0.428125 0.2328125 0.2953125
13 0.48203125 0.51171875 0.0671875 0.06875
8 0.52578125 0.45546875 0.0859375 0.034375
14 0.571875 0.51171875 0.084375 0.0984375
4 0.5296875 0.3515625 0.059375 0.178125
16 0.58984375 0.36953125 0.0546875 0.1484375
3 0.671875 0.54765625 0.0546875 0.0875
6 0.73125 0.36796875 0.2578125 0.3828125
16 0.8765625 0.39296875 0.0875 0.196875