10 0.1375 0.32890625 0.046875 0.071875
2 0.13203125 0.4671875 0.2 0.203125
7 0.259375 0.38046875 0.165625 0.20625
16 0.20703125 0.34609375 0.0625 0.1921875
3 0.2578125 0.4859375 0.04609375 0.059375
13 0.3390625 0.47734375 0.0734375 0.08203125
10 0.4015625 0.33515625 0.03359375 0.07265625
5 0.4359375 0.353125 0.03515625 0.06328125
8 0.41015625 0.40390625 0.06796875 0.065625
13 0.48828125 0.35390625 0.05234375 0.053125
3 0.42421875 0.4484375 0.04609375 0.07890625
8 0.471875 0.4375 0.0375 0.09765625
3 0.51875 0.4578125 0.0671875 0.078125
3 0.69453125 0.37890625 0.2109375 0.13515625
14 0.7859375 0.3546875 0.0703125 0.0828125
4 0.734375 0.52890625 0.09296875 0.05078125
16 0.84765625 0.43984375 0.07109375 0.1765625
9 0.89921875 0.43828125 0.059375 0.1109375