2 0.12578125 0.40703125 0.1625 0.25625
8 0.1921875 0.4984375 0.07890625 0.07578125
6 0.27109375 0.35703125 0.21328125 0.1453125
16 0.24453125 0.4 0.07265625 0.24140625
10 0.3078125 0.4953125 0.03828125 0.08359375
3 0.3765625 0.48984375 0.0625 0.08125
7 0.44453125 0.3796875 0.13359375 0.18984375
13 0.5 0.5078125 0.0703125 0.07734375
14 0.540625 0.46484375 0.05859375 0.14609375
16 0.559375 0.3140625 0.0484375 0.175
16 0.58828125 0.45703125 0.04609375 0.17734375
3 0.6140625 0.37734375 0.03828125 0.06953125
10 0.65234375 0.51484375 0.05234375 0.0765625
13 0.7375 0.521875 0.06328125 0.053125
9 0.81484375 0.51328125 0.0671875 0.1140625
6 0.74921875 0.3609375 0.25546875 0.2015625
3 0.8859375 0.48984375 0.04375 0.0609375
5 0.88984375 0.421875 0.05625 0.0828125