16 0.934375 0.3296875 0.08125 0.2046875
3 0.8890625 0.3453125 0.05 0.06875
5 0.87890625 0.428125 0.06875 0.0765625
10 0.83046875 0.39609375 0.0515625 0.0734375
10 0.915625 0.49296875 0.046875 0.0796875
9 0.8390625 0.49140625 0.109375 0.140625
14 0.8140625 0.3390625 0.0515625 0.05
3 0.75 0.49453125 0.0484375 0.0703125
15 0.65078125 0.51796875 0.146875 0.0546875
6 0.6890625 0.38671875 0.2453125 0.1953125
9 0.52578125 0.50546875 0.103125 0.0765625
9 0.459375 0.33671875 0.090625 0.109375
4 0.49921875 0.3734375 0.0953125 0.153125
13 0.4421875 0.50078125 0.078125 0.0921875
8 0.43359375 0.4234375 0.0703125 0.0765625
14 0.33671875 0.496875 0.0921875 0.1203125
7 0.3265625 0.3796875 0.1546875 0.1625
8 0.33671875 0.43125 0.0859375 0.0484375
3 0.26171875 0.46953125 0.065625 0.0609375
13 0.18515625 0.48984375 0.0453125 0.071875
2 0.15078125 0.36484375 0.1625 0.1984375