14 0.11015625 0.45625 0.090625 0.096875
16 0.109375 0.29921875 0.0625 0.175
10 0.1703125 0.340625 0.034375 0.071875
6 0.2734375 0.36015625 0.2140625 0.14375
3 0.20390625 0.47421875 0.059375 0.08125
5 0.29765625 0.471875 0.04375 0.0671875
10 0.41328125 0.3453125 0.0390625 0.071875
8 0.40859375 0.4484375 0.05625 0.084375
2 0.5 0.4984375 0.15625 0.359375
16 0.48046875 0.2390625 0.0484375 0.234375
13 0.53984375 0.33671875 0.0484375 0.0375
16 0.59453125 0.3734375 0.05 0.1984375
6 0.74375 0.359375 0.253125 0.20625
7 0.728125 0.5265625 0.203125 0.16875
13 0.6953125 0.52109375 0.075 0.0875
3 0.7609375 0.51875 0.046875 0.078125
9 0.88515625 0.53046875 0.1 0.109375