6 0.11640625 0.409375 0.21875 0.259375
9 0.228125 0.46015625 0.0828125 0.11875
16 0.27109375 0.39453125 0.0734375 0.2015625
14 0.3328125 0.32734375 0.065625 0.0953125
13 0.3375 0.50390625 0.078125 0.0765625
10 0.46484375 0.49296875 0.0671875 0.0703125
6 0.4453125 0.3546875 0.2015625 0.14375
9 0.53046875 0.29375 0.071875 0.0328125
16 0.571875 0.41953125 0.0609375 0.1859375
10 0.60703125 0.375 0.0375 0.0765625
3 0.6375 0.4390625 0.0671875 0.0921875
7 0.72734375 0.421875 0.2 0.2234375
8 0.740625 0.4515625 0.0859375 0.0484375
3 0.78359375 0.32734375 0.0328125 0.0546875
5 0.853125 0.41484375 0.0765625 0.0578125
2 0.88203125 0.41796875 0.1609375 0.2203125