10 0.83515625 0.28046875 0.05625 0.078125
2 0.86015625 0.41640625 0.2265625 0.2296875
7 0.721875 0.3484375 0.1921875 0.2265625
16 0.76875 0.30703125 0.0890625 0.1984375
3 0.7375 0.45234375 0.0546875 0.065625
13 0.65625 0.45546875 0.084375 0.0921875
10 0.57421875 0.3234375 0.04375 0.0765625
5 0.54296875 0.3453125 0.04375 0.0671875
8 0.57578125 0.3921875 0.0765625 0.075
13 0.49140625 0.35390625 0.059375 0.059375
3 0.56796875 0.43828125 0.05625 0.084375
8 0.51953125 0.434375 0.05 0.1015625
3 0.47578125 0.4609375 0.078125 0.0859375
3 0.290625 0.40703125 0.228125 0.1625
14 0.196875 0.39609375 0.08125 0.0921875
4 0.271875 0.5609375 0.0984375 0.0625
16 0.14765625 0.4890625 0.0953125 0.184375
9 0.09609375 0.49453125 0.075 0.11875