6 0.11796875 0.30390625 0.21640625 0.3859375
5 0.16328125 0.53125 0.08515625 0.059375
2 0.26640625 0.4359375 0.178125 0.2546875
8 0.35390625 0.4015625 0.015625 0.0953125
3 0.334375 0.48671875 0.046875 0.0875
10 0.37578125 0.4796875 0.03359375 0.08125
9 0.4234375 0.4734375 0.0546875 0.11015625
13 0.484375 0.49375 0.06796875 0.08671875
6 0.45234375 0.35078125 0.18671875 0.13359375
14 0.5484375 0.4578125 0.07265625 0.13671875
8 0.5546875 0.375 0.0203125 0.04140625
13 0.61015625 0.33828125 0.04375 0.05546875
16 0.665625 0.278125 0.046875 0.1671875
3 0.728125 0.346875 0.04375 0.0625
7 0.66015625 0.4734375 0.14921875 0.203125
10 0.75 0.50625 0.0515625 0.084375
2 0.80703125 0.45078125 0.10234375 0.2359375
3 0.85703125 0.4734375 0.034375 0.0578125
16 0.853125 0.31015625 0.08203125 0.225
16 0.9078125 0.3828125 0.0765625 0.190625