6 0.153125 0.246875 0.2734375 0.415625
5 0.1625 0.478125 0.09375 0.071875
2 0.2796875 0.4 0.215625 0.2796875
8 0.37109375 0.3796875 0.0296875 0.096875
3 0.33828125 0.4609375 0.059375 0.09375
10 0.38046875 0.46015625 0.0453125 0.0859375
9 0.42890625 0.46171875 0.071875 0.1171875
13 0.48515625 0.49140625 0.08125 0.096875
6 0.4765625 0.3453125 0.2046875 0.1609375
14 0.5546875 0.465625 0.09375 0.146875
8 0.5734375 0.38515625 0.0265625 0.04375
13 0.634375 0.3578125 0.0515625 0.0609375
16 0.6984375 0.30703125 0.071875 0.171875
3 0.74921875 0.384375 0.053125 0.06875
7 0.6625 0.4984375 0.1796875 0.2234375
10 0.74609375 0.5453125 0.0640625 0.090625
2 0.8109375 0.49921875 0.1375 0.2484375
3 0.85703125 0.5296875 0.04375 0.0625
16 0.878125 0.36796875 0.115625 0.234375
16 0.92109375 0.4484375 0.1046875 0.2