16 0.075 0.30703125 0.07109375 0.2015625
3 0.11953125 0.325 0.046875 0.06640625
5 0.125 0.40859375 0.06484375 0.07265625
10 0.17578125 0.37890625 0.0484375 0.0703125
10 0.08515625 0.47109375 0.04296875 0.07734375
9 0.16171875 0.4734375 0.10234375 0.13515625
14 0.19453125 0.32265625 0.0484375 0.04765625
3 0.25078125 0.48125 0.0453125 0.06796875
15 0.3484375 0.51015625 0.14453125 0.04765625
6 0.3171875 0.37734375 0.23671875 0.1828125
9 0.47421875 0.50390625 0.1 0.071875
9 0.54921875 0.3390625 0.08515625 0.1046875
4 0.50703125 0.3734375 0.0875 0.1484375
13 0.5578125 0.50390625 0.0734375 0.08828125
8 0.5703125 0.42734375 0.06640625 0.07265625
14 0.66328125 0.50546875 0.08671875 0.11640625
7 0.6796875 0.3890625 0.146875 0.1546875
8 0.66640625 0.43984375 0.08359375 0.04453125
3 0.73984375 0.48203125 0.06328125 0.0578125
13 0.81484375 0.50625 0.04140625 0.0703125
2 0.85546875 0.38359375 0.153125 0.19140625