16 0.88671875 0.30390625 0.065625 0.1734375
14 0.88359375 0.44609375 0.0875 0.13125
10 0.82109375 0.34296875 0.0296875 0.0671875
3 0.7890625 0.47734375 0.05625 0.0859375
5 0.696875 0.47890625 0.0484375 0.06875
6 0.71953125 0.36640625 0.2140625 0.146875
10 0.57734375 0.35 0.0375 0.071875
8 0.58515625 0.453125 0.0578125 0.090625
2 0.4953125 0.50625 0.1671875 0.3578125
16 0.39453125 0.384375 0.0578125 0.1984375
13 0.45234375 0.34375 0.0484375 0.0375
16 0.50546875 0.25234375 0.053125 0.234375
6 0.2453125 0.36953125 0.2609375 0.2109375
7 0.26171875 0.53984375 0.2 0.1703125
13 0.2953125 0.53203125 0.0765625 0.090625
3 0.2296875 0.53125 0.0484375 0.071875
9 0.10546875 0.546875 0.103125 0.1078125