16 0.07109375 0.34453125 0.075 0.1953125
5 0.13984375 0.32734375 0.05 0.046875
3 0.06953125 0.50703125 0.021875 0.0328125
10 0.128125 0.48671875 0.0453125 0.0796875
10 0.171875 0.38828125 0.0421875 0.075
3 0.2265625 0.32578125 0.040625 0.0703125
8 0.21953125 0.41171875 0.028125 0.0921875
13 0.2 0.47421875 0.0625 0.065625
3 0.27890625 0.31171875 0.040625 0.0515625
8 0.28671875 0.35546875 0.075 0.0515625
4 0.25078125 0.49140625 0.0453125 0.0609375
14 0.28359375 0.4140625 0.084375 0.0984375
9 0.340625 0.46875 0.1015625 0.078125
15 0.35234375 0.5109375 0.1203125 0.0703125
7 0.40390625 0.375 0.190625 0.19375
9 0.45703125 0.50546875 0.0734375 0.1171875
13 0.565625 0.50234375 0.0703125 0.08125
13 0.653125 0.51953125 0.0578125 0.0453125
6 0.59140625 0.378125 0.2015625 0.140625
3 0.7171875 0.51875 0.01875 0.0296875
9 0.77265625 0.4796875 0.0640625 0.11875
4 0.72578125 0.33828125 0.08125 0.1046875
2 0.8484375 0.3796875 0.146875 0.1859375