9 0.2359375 0.4390625 0.07421875 0.10859375
6 0.12421875 0.38359375 0.20078125 0.2359375
16 0.28046875 0.37734375 0.05625 0.19765625
13 0.3375 0.48984375 0.06875 0.07109375
14 0.34453125 0.3140625 0.0578125 0.0859375
10 0.4640625 0.48984375 0.0625 0.0578125
6 0.453125 0.35 0.18828125 0.13046875
16 0.575 0.42421875 0.04453125 0.18125
10 0.61640625 0.3765625 0.03203125 0.07890625
3 0.6421875 0.44375 0.053125 0.0875
7 0.7328125 0.43359375 0.17890625 0.2125
8 0.74375 0.465625 0.0828125 0.04140625
3 0.79375 0.346875 0.028125 0.0515625
2 0.88515625 0.44375 0.1453125 0.21171875
5 0.85546875 0.4375 0.06953125 0.05078125
9 0.5453125 0.278125 0.0703125 0.015625