16 0.10234375 0.31640625 0.08515625 0.24375
4 0.1359375 0.49375 0.0671875 0.1046875
10 0.18515625 0.34609375 0.0421875 0.07890625
3 0.26171875 0.48828125 0.0453125 0.07265625
6 0.2984375 0.3625 0.24453125 0.2328125
8 0.4140625 0.40859375 0.065625 0.07421875
5 0.44296875 0.35859375 0.03828125 0.06171875
16 0.48984375 0.28828125 0.03828125 0.17734375
7 0.48046875 0.50390625 0.196875 0.2484375
13 0.38828125 0.52109375 0.07265625 0.08203125
13 0.5515625 0.34140625 0.04921875 0.03828125
10 0.5546875 0.3921875 0.06015625 0.059375
3 0.6109375 0.3796875 0.046875 0.0734375
3 0.60859375 0.51171875 0.05546875 0.08515625
14 0.79140625 0.3609375 0.075 0.084375
16 0.715625 0.29375 0.0578125 0.1890625
2 0.73828125 0.4828125 0.209375 0.21171875
9 0.88671875 0.45390625 0.08359375 0.109375