18 0.909375 0.35234375 0.084375 0.1734375
10 0.840625 0.3828125 0.0359375 0.0703125
6 0.73671875 0.3921875 0.2296875 0.165625
3 0.78984375 0.5109375 0.065625 0.084375
5 0.69765625 0.49765625 0.0578125 0.075
4 0.5953125 0.36484375 0.1 0.115625
16 0.54140625 0.25 0.0734375 0.228125
8 0.596875 0.459375 0.059375 0.0890625
2 0.4953125 0.49921875 0.19375 0.3546875
13 0.47890625 0.33359375 0.0515625 0.046875
10 0.4671875 0.37890625 0.06875 0.0640625
16 0.41328125 0.3640625 0.071875 0.19375
7 0.2625 0.5 0.2125 0.178125
13 0.2984375 0.49609375 0.0828125 0.0953125
3 0.2328125 0.48515625 0.0546875 0.0734375
6 0.2703125 0.33359375 0.271875 0.2265625
9 0.11015625 0.48359375 0.1125 0.1140625