16 0.0859375 0.28515625 0.08125 0.2046875
3 0.12890625 0.30546875 0.05 0.06875
5 0.13046875 0.3890625 0.06875 0.0765625
10 0.1828125 0.36171875 0.0515625 0.0734375
10 0.0875 0.44921875 0.046875 0.0796875
9 0.16328125 0.45546875 0.109375 0.140625
14 0.20390625 0.30703125 0.0515625 0.05
3 0.25234375 0.46796875 0.0484375 0.0703125
15 0.3484375 0.50234375 0.146875 0.0546875
6 0.32421875 0.36796875 0.2453125 0.1953125
9 0.47421875 0.50234375 0.103125 0.0765625
9 0.5578125 0.3421875 0.090625 0.109375
4 0.51328125 0.37421875 0.0953125 0.153125
13 0.5578125 0.50703125 0.078125 0.0921875
8 0.57421875 0.43125 0.0703125 0.0765625
14 0.6625 0.5140625 0.0921875 0.1203125
7 0.68515625 0.3984375 0.1546875 0.1625
8 0.66953125 0.4484375 0.0859375 0.0484375
3 0.740625 0.49453125 0.065625 0.0609375
13 0.8140625 0.52265625 0.0453125 0.071875
2 0.8609375 0.40234375 0.1625 0.1984375