6 0.1234375 0.3828125 0.20234375 0.2453125
9 0.23125 0.44140625 0.07578125 0.11328125
16 0.27890625 0.37890625 0.06015625 0.1984375
14 0.3453125 0.31640625 0.059375 0.09140625
13 0.3375 0.4921875 0.0734375 0.071875
10 0.465625 0.490625 0.0625 0.06640625
6 0.45546875 0.3515625 0.1921875 0.13125
9 0.54453125 0.29609375 0.06953125 0.02734375
16 0.57734375 0.425 0.04765625 0.1828125
10 0.615625 0.3828125 0.0328125 0.075
3 0.64140625 0.4484375 0.0609375 0.08828125
7 0.73203125 0.43828125 0.1859375 0.2109375
8 0.74375 0.46875 0.08359375 0.0421875
3 0.7953125 0.34765625 0.02890625 0.053125
5 0.8578125 0.43984375 0.0734375 0.053125
2 0.88671875 0.44453125 0.146875 0.2109375