7 0.10625 0.434375 0.1859375 0.30234375
6 0.2765625 0.36015625 0.215625 0.15078125
3 0.209375 0.475 0.05390625 0.08046875
13 0.35 0.5078125 0.07265625 0.0859375
2 0.44375 0.38515625 0.1546875 0.196875
3 0.43515625 0.5046875 0.04609375 0.06328125
8 0.48984375 0.49296875 0.02890625 0.1078125
13 0.54140625 0.33125 0.0515625 0.03984375
14 0.5421875 0.46171875 0.05703125 0.15703125
16 0.58828125 0.4515625 0.04140625 0.17734375
16 0.59921875 0.36796875 0.05 0.184375
10 0.65234375 0.51484375 0.05390625 0.078125
6 0.74765625 0.3578125 0.25859375 0.20703125
5 0.88828125 0.42265625 0.0515625 0.078125
9 0.81171875 0.5046875 0.065625 0.11328125
10 0.865625 0.52265625 0.04140625 0.08984375
16 0.94140625 0.43203125 0.09296875 0.2484375