14 0.109375 0.44375 0.08828125 0.13125
3 0.20546875 0.47265625 0.05703125 0.08203125
16 0.103125 0.3015625 0.06328125 0.16953125
10 0.1734375 0.33984375 0.0390625 0.0671875
6 0.2734375 0.36171875 0.21796875 0.1375
10 0.41484375 0.3453125 0.0390625 0.07109375
13 0.346875 0.51015625 0.07734375 0.0859375
3 0.3890625 0.48984375 0.0453125 0.05859375
8 0.3984375 0.434375 0.0671875 0.07421875
2 0.50078125 0.49765625 0.16171875 0.35703125
16 0.484375 0.24296875 0.04921875 0.23046875
13 0.5421875 0.3359375 0.046875 0.0359375
16 0.59921875 0.37421875 0.0546875 0.1890625
7 0.7328125 0.52578125 0.19375 0.16328125
6 0.74921875 0.3609375 0.25078125 0.19921875
9 0.8921875 0.53125 0.103125 0.1015625
5 0.87578125 0.4359375 0.065625 0.071875