3 0.88359375 0.371875 0.065625 0.075
13 0.92578125 0.5140625 0.0484375 0.06875
5 0.87734375 0.434375 0.0671875 0.0703125
9 0.83828125 0.50390625 0.1078125 0.1359375
3 0.746875 0.5 0.05 0.0625
7 0.75625 0.38125 0.109375 0.165625
10 0.73203125 0.4046875 0.0515625 0.0765625
13 0.66171875 0.33984375 0.0375 0.0515625
8 0.68984375 0.4234375 0.0640625 0.084375
10 0.546875 0.35078125 0.0515625 0.0765625
2 0.63984375 0.44921875 0.228125 0.290625
13 0.51640625 0.5140625 0.065625 0.06875
8 0.48125 0.4515625 0.0859375 0.0328125
14 0.42734375 0.5 0.0828125 0.096875
4 0.49453125 0.3484375 0.05625 0.178125
16 0.43203125 0.35703125 0.053125 0.146875
3 0.32265625 0.5203125 0.053125 0.0875
6 0.2921875 0.33359375 0.2515625 0.3796875
16 0.1453125 0.3359375 0.084375 0.1953125