14 0.89296875 0.4640625 0.0953125 0.1359375
3 0.7953125 0.48828125 0.0609375 0.084375
16 0.90703125 0.32265625 0.071875 0.171875
10 0.834375 0.35703125 0.0421875 0.06875
6 0.73359375 0.3734375 0.225 0.1484375
10 0.59296875 0.35 0.0421875 0.0734375
13 0.65234375 0.51796875 0.08125 0.090625
3 0.6109375 0.4953125 0.0484375 0.0609375
8 0.6046875 0.43984375 0.0703125 0.078125
2 0.49921875 0.49765625 0.1796875 0.365625
16 0.52890625 0.24375 0.0609375 0.2328125
13 0.46640625 0.33359375 0.0484375 0.0390625
16 0.4078125 0.36953125 0.0640625 0.1921875
7 0.26640625 0.51328125 0.2015625 0.1734375
6 0.25859375 0.3484375 0.2609375 0.2125
9 0.10703125 0.5109375 0.1078125 0.10625
5 0.128125 0.41640625 0.06875 0.075