10 0.19375 0.31953125 0.040625 0.0796875
2 0.13359375 0.4640625 0.203125 0.203125
7 0.2734375 0.37734375 0.1609375 0.1984375
3 0.25703125 0.4890625 0.046875 0.05625
10 0.35 0.37109375 0.05625 0.071875
8 0.35546875 0.42265625 0.046875 0.09375
13 0.35859375 0.50859375 0.071875 0.0796875
5 0.41171875 0.3671875 0.04375 0.0640625
3 0.41796875 0.453125 0.05 0.0546875
3 0.446875 0.50546875 0.078125 0.0546875
8 0.4421875 0.44140625 0.0671875 0.08125
16 0.45234375 0.35390625 0.0515625 0.1578125
13 0.534375 0.37890625 0.05 0.0390625
3 0.52734375 0.478125 0.04375 0.0828125
4 0.73515625 0.5375 0.0859375 0.0515625
6 0.7 0.39140625 0.2140625 0.1453125
14 0.809375 0.375 0.0625 0.1125
16 0.88046875 0.33671875 0.0671875 0.1703125
9 0.89140625 0.540625 0.0984375 0.096875