6 0.1140625 0.36484375 0.228125 0.4234375
9 0.22734375 0.478125 0.090625 0.1234375
8 0.26171875 0.43046875 0.046875 0.10625
10 0.3140625 0.43125 0.0671875 0.0890625
14 0.36484375 0.49453125 0.121875 0.1421875
6 0.425 0.35703125 0.2125 0.171875
3 0.528125 0.475 0.046875 0.0578125
3 0.73671875 0.28671875 0.0625 0.0984375
16 0.6265625 0.2578125 0.0703125 0.175
7 0.646875 0.43203125 0.2109375 0.2265625
8 0.6 0.36015625 0.05 0.0875
5 0.61328125 0.44140625 0.0625 0.0734375
13 0.68359375 0.39921875 0.06875 0.0921875
10 0.753125 0.45859375 0.0484375 0.0859375
16 0.79140625 0.3234375 0.115625 0.2390625
2 0.8578125 0.3921875 0.14375 0.278125