16 0.93671875 0.36875 0.0921875 0.1984375
5 0.86953125 0.346875 0.0578125 0.0515625
10 0.87265625 0.5078125 0.05 0.084375
10 0.83125 0.40625 0.053125 0.0765625
13 0.7984375 0.49140625 0.065625 0.0734375
3 0.746875 0.50234375 0.05 0.0625
6 0.6578125 0.39296875 0.2046875 0.1671875
15 0.646875 0.52265625 0.14375 0.05
9 0.5140625 0.49765625 0.103125 0.1046875
9 0.43828125 0.34453125 0.084375 0.109375
9 0.21328125 0.46484375 0.071875 0.125
4 0.5140625 0.3640625 0.1 0.14375
8 0.4796875 0.4359375 0.0859375 0.0484375
3 0.41171875 0.42890625 0.0265625 0.046875
13 0.42421875 0.49765625 0.078125 0.090625
13 0.33046875 0.51171875 0.0640625 0.053125
14 0.13359375 0.4828125 0.084375 0.1078125
2 0.14296875 0.36953125 0.1546875 0.175
7 0.30546875 0.3921875 0.20625 0.2109375