6 0.8859375 0.3609375 0.228125 0.415625
2 0.734375 0.4671875 0.2015625 0.26875
5 0.8234375 0.57734375 0.084375 0.065625
8 0.653125 0.4203125 0.0265625 0.09375
3 0.6640625 0.51171875 0.0625 0.1
10 0.625 0.49609375 0.046875 0.0921875
11 0.57890625 0.48515625 0.0703125 0.1203125
13 0.51484375 0.49921875 0.08125 0.09375
6 0.56953125 0.35625 0.2078125 0.165625
14 0.4578125 0.4515625 0.090625 0.15
8 0.4625 0.36953125 0.0296875 0.0453125
7 0.340625 0.45546875 0.178125 0.221875
13 0.4109375 0.33515625 0.0515625 0.0640625
10 0.25078125 0.47265625 0.0640625 0.0953125
16 0.36796875 0.26015625 0.0703125 0.175
3 0.29609375 0.31484375 0.0515625 0.0734375
2 0.20390625 0.40859375 0.1359375 0.2578125
3 0.15078125 0.42578125 0.0453125 0.0609375
16 0.17890625 0.26015625 0.1140625 0.240625
16 0.1140625 0.32734375 0.1046875 0.2046875