6 0.115625 0.31328125 0.2203125 0.39375
2 0.271875 0.4390625 0.1734375 0.25
5 0.16953125 0.53671875 0.0796875 0.05625
8 0.3578125 0.40234375 0.015625 0.09375
3 0.3359375 0.4921875 0.0515625 0.0953125
10 0.3765625 0.48125 0.0359375 0.0875
11 0.4234375 0.47578125 0.0578125 0.1140625
13 0.48515625 0.496875 0.0703125 0.0859375
6 0.44921875 0.3484375 0.1921875 0.14375
14 0.54765625 0.45703125 0.0734375 0.14375
8 0.553125 0.375 0.0234375 0.04375
7 0.66328125 0.475 0.1546875 0.20625
13 0.60859375 0.34765625 0.04375 0.059375
10 0.75078125 0.503125 0.053125 0.0890625
16 0.66015625 0.27734375 0.05 0.171875
3 0.725 0.34140625 0.04375 0.06875
2 0.80546875 0.4453125 0.1078125 0.246875
3 0.85546875 0.46875 0.0390625 0.0578125
16 0.8484375 0.30078125 0.0859375 0.2328125
16 0.90390625 0.37578125 0.08125 0.196875