14 0.8921875 0.5109375 0.103125 0.109375
16 0.91484375 0.35546875 0.0875 0.1828125
10 0.8484375 0.38828125 0.0453125 0.075
6 0.74375 0.39296875 0.23125 0.171875
3 0.796875 0.515625 0.0703125 0.0890625
5 0.70390625 0.5 0.053125 0.0734375
10 0.60703125 0.35859375 0.0484375 0.078125
8 0.59765625 0.46171875 0.0671875 0.0921875
2 0.5 0.4984375 0.20625 0.378125
16 0.55546875 0.24453125 0.08125 0.2375
13 0.48359375 0.3328125 0.053125 0.04375
16 0.42421875 0.36171875 0.078125 0.203125
6 0.278125 0.3265625 0.2796875 0.240625
7 0.2703125 0.49453125 0.225 0.1953125
13 0.30390625 0.49375 0.0859375 0.096875
3 0.2390625 0.48203125 0.0578125 0.084375
9 0.1140625 0.4765625 0.1140625 0.121875