2 0.88125 0.43984375 0.184375 0.26875
8 0.80703125 0.525 0.0859375 0.0828125
6 0.740625 0.37734375 0.225 0.1640625
16 0.76328125 0.42265625 0.09375 0.246875
10 0.6921875 0.51171875 0.0453125 0.0859375
3 0.62421875 0.50078125 0.06875 0.0859375
7 0.565625 0.38515625 0.15 0.2
13 0.49921875 0.5078125 0.0765625 0.0828125
14 0.4625 0.46171875 0.071875 0.15
16 0.45703125 0.309375 0.0640625 0.178125
16 0.415625 0.44921875 0.0609375 0.18125
3 0.396875 0.36796875 0.04375 0.071875
10 0.346875 0.5015625 0.059375 0.08125
13 0.26171875 0.50078125 0.0671875 0.0578125
9 0.18515625 0.4859375 0.0765625 0.11875
6 0.2640625 0.33984375 0.271875 0.2234375
3 0.11640625 0.45625 0.0484375 0.0640625
5 0.11875 0.38828125 0.0625 0.0875