16 0.859375 0.25859375 0.0859375 0.1796875
14 0.87421875 0.4 0.103125 0.140625
10 0.79921875 0.3046875 0.0375 0.0703125
3 0.78359375 0.4421875 0.0671875 0.0921875
5 0.6921875 0.4546875 0.05625 0.0734375
6 0.7015625 0.340625 0.2296875 0.1703125
10 0.55859375 0.3421875 0.0453125 0.075
8 0.57890625 0.44296875 0.06875 0.096875
2 0.49609375 0.50703125 0.209375 0.3734375
16 0.38125 0.3984375 0.08125 0.203125
13 0.43359375 0.35078125 0.0515625 0.0421875
16 0.47578125 0.253125 0.0796875 0.2375
6 0.23125 0.4015625 0.2828125 0.240625
7 0.26796875 0.56875 0.21875 0.1921875
13 0.30078125 0.55625 0.0859375 0.0984375
3 0.23515625 0.5640625 0.05625 0.0765625
9 0.1140625 0.59453125 0.115625 0.11875