9 0.23515625 0.44375 0.0765625 0.109375
6 0.121875 0.38984375 0.2046875 0.2390625
16 0.278125 0.38125 0.059375 0.1984375
13 0.3375 0.49296875 0.0703125 0.071875
14 0.34140625 0.3171875 0.059375 0.0875
10 0.4640625 0.490625 0.0640625 0.059375
6 0.45078125 0.35078125 0.190625 0.134375
16 0.5734375 0.42265625 0.0484375 0.18125
10 0.6140625 0.37421875 0.0328125 0.0796875
3 0.64140625 0.44140625 0.0546875 0.0890625
7 0.73125 0.4296875 0.1828125 0.215625
8 0.74296875 0.46171875 0.0828125 0.0421875
3 0.79140625 0.34140625 0.0296875 0.0515625
2 0.884375 0.43671875 0.1484375 0.2140625
5 0.8546875 0.43125 0.0703125 0.0515625
9 0.54140625 0.27734375 0.0703125 0.0171875