3 0.07109375 0.5046875 0.02890625 0.04296875
16 0.0765625 0.340625 0.0703125 0.2
5 0.14453125 0.32109375 0.053125 0.05234375
10 0.18046875 0.38828125 0.04765625 0.0765625
10 0.13203125 0.48828125 0.046875 0.08046875
13 0.20390625 0.47578125 0.0640625 0.06640625
3 0.25390625 0.4890625 0.05234375 0.0625
6 0.34921875 0.3875 0.18984375 0.16015625
15 0.35234375 0.5171875 0.140625 0.0484375
9 0.4859375 0.5046875 0.096875 0.09375
8 0.52578125 0.440625 0.075 0.046875
4 0.49296875 0.36875 0.0984375 0.13984375
13 0.57265625 0.50859375 0.06796875 0.0953125
13 0.66328125 0.52890625 0.0625 0.05390625
9 0.5703125 0.35078125 0.075 0.1046875
7 0.69765625 0.40859375 0.190625 0.20546875
3 0.72578125 0.53203125 0.02109375 0.0328125
9 0.78359375 0.4890625 0.06640625 0.12890625
14 0.8609375 0.515625 0.071875 0.10546875
2 0.86171875 0.39140625 0.14609375 0.19140625