7 0.89375 0.48203125 0.2125 0.3234375
6 0.7390625 0.38828125 0.2328125 0.1765625
3 0.79140625 0.5109375 0.0640625 0.0859375
13 0.64765625 0.52578125 0.0828125 0.09375
2 0.56953125 0.39296875 0.178125 0.2140625
3 0.5640625 0.5125 0.053125 0.06875
8 0.5109375 0.49453125 0.0421875 0.1109375
13 0.4796875 0.32734375 0.05625 0.0453125
14 0.4625 0.45703125 0.075 0.1625
16 0.41796875 0.44140625 0.0625 0.18125
16 0.41796875 0.35703125 0.071875 0.1890625
10 0.346875 0.49609375 0.0625 0.084375
6 0.271875 0.32890625 0.28125 0.2375
5 0.12421875 0.37578125 0.0609375 0.084375
9 0.18984375 0.46640625 0.0796875 0.1203125
10 0.134375 0.478125 0.0515625 0.09375
16 0.0703125 0.37890625 0.121875 0.2578125