6 0.86953125 0.3640625 0.2078125 0.25625
9 0.7625 0.42578125 0.08125 0.1140625
8 0.71796875 0.38125 0.0359375 0.0984375
14 0.65546875 0.30703125 0.0796875 0.1015625
10 0.66640625 0.396875 0.059375 0.071875
6 0.54140625 0.3453125 0.2015625 0.140625
10 0.53359375 0.48203125 0.0671875 0.0703125
3 0.45859375 0.478125 0.04375 0.059375
9 0.44921875 0.284375 0.0625 0.021875
8 0.328125 0.4953125 0.0828125 0.0703125
16 0.31796875 0.27578125 0.0546875 0.1765625
7 0.27734375 0.46484375 0.1515625 0.203125
13 0.2984375 0.4046875 0.0625 0.0625
5 0.24921875 0.4875 0.0546875 0.075
3 0.21328125 0.33125 0.05625 0.096875
16 0.16640625 0.378125 0.0890625 0.246875
2 0.11328125 0.45625 0.1109375 0.28125