6 0.87421875 0.29609375 0.2359375 0.39375
2 0.7484375 0.4203125 0.109375 0.2078125
5 0.6734375 0.3515625 0.059375 0.0640625
8 0.665625 0.41796875 0.0609375 0.0859375
3 0.678125 0.490625 0.05625 0.075
10 0.6171875 0.47890625 0.0515625 0.0859375
6 0.54453125 0.3515625 0.1890625 0.14375
13 0.4859375 0.51484375 0.0765625 0.090625
16 0.3265625 0.2953125 0.0546875 0.1671875
16 0.1421875 0.3375 0.0890625 0.228125
7 0.34765625 0.48828125 0.1546875 0.2078125
14 0.26015625 0.3515625 0.075 0.11875
8 0.24453125 0.4328125 0.025 0.0890625
10 0.2234375 0.51484375 0.05625 0.0796875
3 0.17109375 0.49765625 0.04375 0.0515625
9 0.55390625 0.478125 0.075 0.1171875
11 0.4390625 0.29609375 0.05 0.0234375