16 0.11015625 0.3109375 0.06328125 0.171875
14 0.115625 0.453125 0.0859375 0.13046875
10 0.1765625 0.3484375 0.028125 0.06640625
3 0.2109375 0.48203125 0.05546875 0.08515625
5 0.303125 0.48203125 0.046875 0.0671875
6 0.278125 0.3703125 0.21171875 0.14296875
10 0.4203125 0.3515625 0.0359375 0.07109375
8 0.4140625 0.4546875 0.05625 0.08984375
2 0.5046875 0.50625 0.1609375 0.3546875
16 0.603125 0.3828125 0.05390625 0.19765625
13 0.5453125 0.34296875 0.04765625 0.0359375
16 0.48984375 0.25234375 0.0484375 0.2328125
6 0.75234375 0.36484375 0.25703125 0.20625
7 0.7390625 0.5359375 0.19765625 0.16640625
13 0.70546875 0.528125 0.075 0.0890625
3 0.77109375 0.5265625 0.046875 0.07109375
9 0.8953125 0.53984375 0.1015625 0.10546875