6 0.1140625 0.4375 0.228125 0.278125
9 0.228125 0.47734375 0.09375 0.121875
8 0.26328125 0.425 0.0484375 0.1015625
14 0.31015625 0.33984375 0.090625 0.109375
10 0.3171875 0.4296875 0.0671875 0.078125
6 0.4296875 0.35625 0.215625 0.1640625
10 0.46328125 0.4890625 0.075 0.0765625
3 0.53671875 0.4703125 0.05 0.0640625
9 0.50859375 0.27890625 0.0640625 0.0296875
8 0.66796875 0.4625 0.090625 0.0796875
16 0.6359375 0.2453125 0.0765625 0.1796875
7 0.71171875 0.42265625 0.175 0.21875
13 0.6796875 0.36796875 0.0703125 0.06875
5 0.74375 0.43984375 0.0625 0.0796875
3 0.74921875 0.2796875 0.0671875 0.1015625
16 0.80390625 0.31640625 0.11875 0.253125
2 0.871875 0.38359375 0.14375 0.2890625